373815
824716
706205
576712
194996
310853
173353
121498
069778
322059
419107
609175
062928
329689
954156
240543
262326
074912
777727
313685
907808
305701
913115
212563
576167
734281
302486
564899
538453
663772
362296
428130
082462
253266
189435
214156
657133
159599
514536
716222
696888
578429
361968
065807
979159
535969
693222
431087
560370
499102
119702
393370
315641
889999
546164
354665
989737
102545
846945
696224
467444
324526
622934
943633
764982
323207
116454
053367
616397
822621
781959
838960
923104
507163
133407
217997
492685
969126
263407
431357
633058
803452
994828
584126
710562
490291
574122
154348
034400
062932
868896
069147
941787
772445
908429
797352
624097
815321
963840
060100
613019
772072
260890
455071
697794
