625098
590424
942385
744945
516717
720483
231545
942732
435774
026275
547361
692309
640200
313921
490297
249122
364820
665329
142898
599294
720757
393913
726246
396581
965634
628352
833193
148330
502242
580840
634415
850840
864372
205743
320502
284749
389392
909234
409152
872497
475577
317047
287252
064962
752364
928159
427786
050121
569761
797569
568643
940053
975259
277478
097463
601110
773440
813314
306305
497560
348112
742759
978399
682601
669888
002846
784822
517993
546630
174580
757699
956881
644059
914249
310862
986436
799179
523695
955657
723471
544796
700534
655729
534639
841154
596677
812177
662230
180915
286238
006036
516128
411156
257989
354284
104685
849039
878681
006538
377660
680195
468645
196353
576426
