82022
87597
47786
42193
69008
02972
17876

97573
63482
02957
52992
24569
58744
13923
00726
99529
62728
99854
65855
77033
04211
08520
63145
19793
32561
399597
805386
613167
206364
406353
653585
556839
722510
031680
493748
681681
787473
850326
651618
280728
395131
012206
478206
022759
353821
840387
793469
872361
668294
069410
091305
900401
658150
872401
815170
690046
004593
953752
592837
910172
934591
315197
251454
393413
023473
878463
591054
019041
941531
751172
488332
347574
920071
895794
995891
629850
008880
548853
442569
460557
928366
309689
995727
420819
333014
208087
202846
111361
536780
276566
455469
188693
133723
953873
723870
959339
159103
473055
885977
568359
724986
408382
004690
