907701
582119
379102
514385
255290
324611
959993
272826
027368
021552
067595
123668
737659
622812
755259
247417
283468
546796
239402
099329
512368
074334
271005
377345
934101
236979
137045
979476
752051
246442
209459
004633
758505
259689
086235
061613
521999
776017
596012
568835
045054
074523
211216
453700
292228
826422
945503
239948
501816
315309
254024
755211
542070
407777
312978
193266
769195
081644
185173
806244
854463
462696
061740
737244
212198
409195
180008
425410
385264
970149
686597
802859
900981
464701
344422
922619
218981
416563
205487
815203
662593
215259
555124
424077
480711
824767
936635
932148
083818
900833
662483
491431
075138
120111
690285
305531
441442
472265
872972
562221
116719
156693
596445
820855
834217
