196828
235642
789742
001830
836796
717563
501998
433604
117764
432078
746458
753561
638716
891756
931369
672067
971897
986293
934604
097373
681550
340289
460617
838491
809867
516341
653215
897149
050433
989803
038663
269195
838378
604444
569217
615872
250438
925544
264791
340673
350862
095923
265194
794626
744527
561486
130272
110863
503649
826514
963112
525463
449603
322540
730127
749825
237029
991099
262669
688967
974169
148474
141607
832475
057453
378557
425358
764485
831469
686755
921541
857074
844095
498620
169281
261258
305240
352543
839414
945019
289455
643781
296198
599324
476443
634135
296225
953649
989957
985199
089122
003357
200686
721216
554564
893061
881250
177075
748424
665938
048232
086133
862303
913933
407277
