716709
032301
608433
460682
539914
717029
017691
290099
897597
489747
797914
914147
843961
742746
048291
354910
144507
305520
428687
523147
230799
705403
962009
034174
801503
967521
252953
076045
109057
409396
388850
598599
378407
668800
369902
992085
263982
708463
595939
022066
535226
485163
089309
171618
140436
567629
573839
496741
710800
262788
024017
500520
374787
179681
313797
767077
607438
575729
439745
762347
236497
986761
744302
681976
768610
151055
705016
272528
978646
160833
008445
942457
490837
486372
543940
363037
380634
805929
435507
288209
160646
767891
471119
578404
251686
394222
605729
662425
124069
800661
693727
183864
685609
515461
532538
386019
397626
356376
901875
632020
529027
413152
247945
020481
