132938
646281
687877
962661
726397
776235
133968
081756
324721
160440
068271
615974
796000
553961
216629
131690
140114
397430
058364
162307
429449
345204
264177
492825
362508
794439
896293
076850
995364
173184
719371
526153
642041
691898
120351
232694
986788
776656
803538
340778
229533
021399
156600
002756
225095
487726
796952
466759
191258
958681
325098
558512
778437
812565
784567
094383
679925
921251
237449
674233
165808
568052
103096
149574
311273
821843
185482
241349
432275
892841
803724
660414
114371
764840
725538
204923
984486
614530
049014
387246
385939
049299
444756
242486
392020
523420
314979
114163
755876
628945
521773
715044
900901
333207
733954
745409
592579
022856
778189
437121
227151
060688
671519
179832
