064661
806629
710322
340406
227735
549309
401445
440656
119027
697792
902503
006183
269818
364433
455872
666514
271602
106415
070681
453320
257480
485273
581029
386243
111252
230864
250425
846914
929237
531908
062571
045691
018435
874129
263715
448606
707849
677643
208298
491201
037464
765499
824140
201119
478753
701433
560585
885779
603513
261696
249860
292992
215266
306942
964648
380723
735388
970095
433526
878968
032093
819024
716900
826119
952372
479895
130007
537879
026240
395554
887125
481994
409225
380715
903424
899553
951273
792884
003008
071032
158022
495536
925673
773297
001584
686726
464718
312328
370621
737061
798581
096964
329744
391022
221414
157307
368221
504233
217969
220001
006295
422940
456687
079012
